# Created by Octave 5.2.0, Sun Feb 28 11:02:43 2021 GMT <unknown@DESKTOP-708BVLH>
# name: basis
# type: sparse matrix
# nnz: 1
# rows: 1
# columns: 1
1 1 5


# name: HU
# type: sparse matrix
# nnz: 1
# rows: 1
# columns: 1
1 1 20


# name: HE
# type: scalar
5


# name: HJ
# type: sparse matrix
# nnz: 0
# rows: 1
# columns: 1


