# Created by Octave 5.2.0, Sun Feb 28 10:42:38 2021 GMT <unknown@DESKTOP-708BVLH>
# name: basis
# type: sparse matrix
# nnz: 10
# rows: 6
# columns: 2
1 1 5
2 1 4
3 1 3
4 1 2
5 1 1
2 2 1
3 2 2
4 2 3
5 2 4
6 2 5


# name: HU
# type: sparse matrix
# nnz: 6
# rows: 6
# columns: 6
1 1 20
2 2 12
3 3 8
4 4 8
5 5 12
6 6 20


# name: HE
# type: matrix
# ndims: 3
 6 6 2
 5
 0
 0
 0
 0
 0
 0
 4
 0
 0
 0
 0
 0
 0
 3
 0
 0
 0
 0
 0
 0
 2
 0
 0
 0
 0
 0
 0
 1
 0
 0
 0
 0
 0
 0
 0
 0
 0
 0
 0
 0
 0
 0
 1
 0
 0
 0
 0
 0
 0
 2
 0
 0
 0
 0
 0
 0
 3
 0
 0
 0
 0
 0
 0
 4
 0
 0
 0
 0
 0
 0
 5


# name: HJ
# type: sparse matrix
# nnz: 10
# rows: 6
# columns: 6
2 1 -2.2360679774997898
1 2 -2.2360679774997898
3 2 -2.8284271247461903
2 3 -2.8284271247461903
4 3 -3
3 4 -3
5 4 -2.8284271247461903
4 5 -2.8284271247461903
6 5 -2.2360679774997898
5 6 -2.2360679774997898


