# Created by Octave 5.2.0, Sun Feb 28 11:46:53 2021 GMT <unknown@DESKTOP-708BVLH>
# name: basis
# type: sparse matrix
# nnz: 4
# rows: 3
# columns: 2
1 1 2
2 1 1
2 2 1
3 2 2


# name: HU
# type: sparse matrix
# nnz: 2
# rows: 3
# columns: 3
1 1 2
3 3 2


# name: HE
# type: matrix
# ndims: 3
 3 3 2
 2
 0
 0
 0
 1
 0
 0
 0
 0
 0
 0
 0
 0
 1
 0
 0
 0
 2


# name: HJ
# type: sparse matrix
# nnz: 4
# rows: 3
# columns: 3
2 1 -1.4142135623730951
1 2 -1.4142135623730951
3 2 -1.4142135623730951
2 3 -1.4142135623730951


