# Created by Octave 5.2.0, Sun Feb 28 11:01:46 2021 GMT <unknown@DESKTOP-708BVLH>
# name: basis
# type: sparse matrix
# nnz: 18
# rows: 10
# columns: 3
1 1 3
2 1 2
3 1 2
4 1 1
5 1 1
6 1 1
2 2 1
4 2 2
5 2 1
7 2 3
8 2 2
9 2 1
3 3 1
5 3 1
6 3 2
8 3 1
9 3 2
10 3 3


# name: HU
# type: sparse matrix
# nnz: 9
# rows: 10
# columns: 10
1 1 6
2 2 2
3 3 2
4 4 2
6 6 2
7 7 6
8 8 2
9 9 2
10 10 6


# name: HE
# type: matrix
# ndims: 3
 10 10 3
 3
 0
 0
 0
 0
 0
 0
 0
 0
 0
 0
 2
 0
 0
 0
 0
 0
 0
 0
 0
 0
 0
 2
 0
 0
 0
 0
 0
 0
 0
 0
 0
 0
 1
 0
 0
 0
 0
 0
 0
 0
 0
 0
 0
 1
 0
 0
 0
 0
 0
 0
 0
 0
 0
 0
 1
 0
 0
 0
 0
 0
 0
 0
 0
 0
 0
 0
 0
 0
 0
 0
 0
 0
 0
 0
 0
 0
 0
 0
 0
 0
 0
 0
 0
 0
 0
 0
 0
 0
 0
 0
 0
 0
 0
 0
 0
 0
 0
 0
 0
 0
 0
 0
 0
 0
 0
 0
 0
 0
 0
 0
 1
 0
 0
 0
 0
 0
 0
 0
 0
 0
 0
 0
 0
 0
 0
 0
 0
 0
 0
 0
 0
 0
 2
 0
 0
 0
 0
 0
 0
 0
 0
 0
 0
 1
 0
 0
 0
 0
 0
 0
 0
 0
 0
 0
 0
 0
 0
 0
 0
 0
 0
 0
 0
 0
 0
 3
 0
 0
 0
 0
 0
 0
 0
 0
 0
 0
 2
 0
 0
 0
 0
 0
 0
 0
 0
 0
 0
 1
 0
 0
 0
 0
 0
 0
 0
 0
 0
 0
 0
 0
 0
 0
 0
 0
 0
 0
 0
 0
 0
 0
 0
 0
 0
 0
 0
 0
 0
 0
 0
 0
 0
 1
 0
 0
 0
 0
 0
 0
 0
 0
 0
 0
 0
 0
 0
 0
 0
 0
 0
 0
 0
 0
 0
 1
 0
 0
 0
 0
 0
 0
 0
 0
 0
 0
 2
 0
 0
 0
 0
 0
 0
 0
 0
 0
 0
 0
 0
 0
 0
 0
 0
 0
 0
 0
 0
 0
 1
 0
 0
 0
 0
 0
 0
 0
 0
 0
 0
 2
 0
 0
 0
 0
 0
 0
 0
 0
 0
 0
 3


# name: HJ
# type: sparse matrix
# nnz: 18
# rows: 10
# columns: 10
2 1 -1.7320508075688772
1 2 -1.7320508075688772
4 2 -2
5 2 -1
5 3 -1.4142135623730951
2 4 -2
7 4 -1.7320508075688772
8 4 -1.4142135623730951
2 5 -1
3 5 -1.4142135623730951
8 5 -1.4142135623730951
9 5 -1.4142135623730951
9 6 -1
4 7 -1.7320508075688772
4 8 -1.4142135623730951
5 8 -1.4142135623730951
5 9 -1.4142135623730951
6 9 -1


